382
136
127
25
50
185
80
16
20
162
189
35
17
46
28
115
143
31
78
39
268
73
22
113
176
21
8
33
67
15
18
270
1
350
14
184
2
11
256
4
42
32
37
68
110
22
211
72
3
304
0
93
0
8
10
1
20
80
1
71
13
95
27
11
29
20
0
13
56
238
17
21
38
21
4
38
10
7
19
12
27
10
4
4
35
51
23
42
54
0
12
17
33
114
2
7
2
12
17
63
15
2
146
67
1
52
2
0
499
201
126
10
1
0
9
18
11
2
0
8
30
18
0
66
19
0
1
5
1
3
12
0
0
36
2
3
0
1
21
112
1
0
126
64
4
34
3
10
233
104
14
136
37
19
11
43
64
20
118
147
107
98
67
153
17
0
69
19
67
15
85
110
23
47
43
22
3
10
95
22
4
5
7
95
43
19
38
4
20
12
1
36
42
28
103
4
117
29
4
10
7
34
43
23
17
38
110
5
6
9
8
22
5
35
69
10
39
5
5
49
274
61
40
0
19
3
22
62
134
57
43
30
173
50
41
6
36
11
4
24
1
4
3
151
94
32
43
8
3
68
126
5
18
58
16
32
20
531
50
33
5
0
126
163
26
15
9
15
18
73
49
10
20
39
29
3
8
45
51
32
4
0
0
0
4
142
31
28
6
132
148
10
10
366
7
3
43
143
11
15
75
7
16
62
59
38
7
1
0
32
10
48
23
205
120
395
41
8
13
42
8
11
7
63
32
191
29
1
40
70
22
11
1
145
48
113
17
6
83
5
137
81
22
9
90
188
89
40
24
123
13
48
377
214
18
5
30
53
48
15
203
15
79
227
148
10
69
30
82
48
36
5
71
305
24
96
265
38
48
43
8
0
5
25
28
4
9
7
4
29
4
0
0
5
1
0
0
1
0
0
0
47
4
33
11
11
89
2
64
45
27
34
16
43
5
35
67
15
11
48
15
21
53
23
52
44
8
60
76
15
122
107
23
18
31
0
185
141
153
9
14
16
41
5
48
12
44
14
8
12
115
52
18
353
17
26
15
16
5
1
53
17
113
9
56
12
7
113
12
38
173
56
14
52
6
27
551
46
26
18
5
86
13
12
6
25
41
32
65
61
75
7
11
105
4
6
151
24
36
1
40
25
24
66
103
100
8
26
40
14
85
82
55
73
27
47
83
15
19
28
130
6
1
444
16
124
0
51
77
55
38
67
10
33
61
166
31
330
35
116
23
0
88
26
35
29
39
251
114
94
5
134
25
1
30
1
2
2
107
4
10
11
4
4
13
33
2
8
0
3
29
30
0
11
0
0
6
27
1
5
0
84
127
175
265
539
249
0
249
423
174
208
111
163
1
60
4
1
5
14
0
38
16
0
439
13
108
51
14
13
2
14
54
4
1
15
0
11
1
0
0
2
24
94
0
0
15
3
5
0
20
0
28
2
12
11
0
1
3
0
4
93
292
3
15
1
1
117
0
1
12
1
0
5
1
142
26
67
2
5
2
4
11
5
13
94
1
116
68
0
0
59
0
22
1
2
0
1
7
1
53
1
23
23
0
30
16
3
16
1
0
26
0
8
4
10
8
0
48
123
40
8
11
0
0
32
10
3
0
8
44
80
0
3
0
79
18
2
0
34
0
0
6
2
246
2
20
188
50
0
0
65
37
22
0
116
4
9
92
1
251
4
0
7
4
3
2
0
0
10
5
26
51
0
15
36
29
7
0
3
0
1
0
0
0
1
1
0
147
9
304
17
29
91
77
174
90
0
173
1
1
0
0
0
0
0
2
0
34
78
135
30
75
9
62
47
8
3
7
23
37
1
0
7
0
1
0
37
0
0
0
0
2
0
0
0
0
14
21
56
5
95
26
2
17
53
38
78
23
15
4
28
0
1
0
7
1
25
101
8
23
105
0
1
0
0
0
408
1
2
56
7
4
2
0
110
8
0
5
12
0
0
0
1
9
6
6
0
46
62
24
14
1
7
19
0
10
0
0
54
33
18
0
1
10
24
96
135
76
35
116
169
186
77
46
25
273
80
151
59
294
180
112
47
80
16
45
299
205
59
95
195
313
5
65
14
71
22
87
46
30
80
43
15
35
6
36
3
64
20
61
24
23
59
30
38
21
43
55
87
46
120
56
68
7
7
3
5
4
2
3
8
8
48
2
3
146
168
5
45
1
11
4
0
13
1
20
0
2
0
14
0
3
0
44
6
13
1
9
36
2
1
104
40
6
16
43
1
0
1
23
15
36
22
44
21
57
54
28
57
53
34
56
41
58
25
108
80
46
122
47
30
74
2
58
176
129
56
53
106
57
32
233
288
108
3
0
2
104
122
12
6
0
18
78
76
37
21
0
5
15
2
14
63
0
88
148
70
0
7
46
0
38
5
5
16
0
0
242
0
3
124
73
236
167
73
31
35
141
23
70
2
127
225
196
69
132
125
202
113
64
406
2
41
70
165
0
62
88
10
0
1
0
0
0
20
5
9
5
1
3
2
0
5
86
1
0
5
71
63
56
343
27
153
46
40
40
0
0
65
264
0
1
0
0
0
0
0
4
1
0
53
149
1
30
8
7
2
5
0
0
0
0
0
0
12
19
3
2
0
0
20
8
5
3
120
100
32
2
61
27
20
42
152
11
1
182
16
86
103
32
120
53
20
29
13
276
41
525
389
419
168
265
0
0
0
0
0
0
0
0
0
0
0
0
0
0
0
0
0
0
0
0
0
0
0
0
0
0
0
0
0
0
0
0
0
0
0
0
0
0
0
0
0
0
0
0
0
0
0
0
0
0
0
0
0
0
0
0
0
0
0
0
0
0
0
0
0
0
0
0
0
0
0
0
0
0
0
0
0
0
0
0
0
0
0
0
0
0
0
0
0
0
0
0
0
0
0
0
0
0
0
0
0
0
0
0
0
0
0
0
0
0
0
0
0
0
0
0
0
0
0
0
0
0
0
0
0
0
0
0
0
0
0
0
0
0
0
0
0
0
0
0
0
0
0
0
0
0
0
0
0
0
0
0
0
0
0
0
0
0
0
0
0
0
0
0
0
0
0
0
0
0
0
0
0
0
0
0
0
0
0
0
0
0
0
0
0
0
0
0
0
0
0
0
0
0
0
0
0
0
0
0
0
0
0
0
0
0
0
0
0
0
0
0
0
0
0
0
0
0
0
0
0
0
0
0
0
0
0
0
0
0
0
0
0
0
0
0
0
0
0
0
0
0
0
0
0
0
0
0
0
0
0
0
0
0
0
0
0
0
0
0
0
0
0
0
0
0
0
0
0
0
0
0
0
0
0
0
0
0
0
0
0
0
0
0
0
0
0
0
0
0
0
0
0
0
0
0
0
0
0
0
0
0
0
0
0
0
0
0
0
0
0
0
0
0
0
0
0
0
0
0
0
0
0
0
0
0
0
0
0
0
0
0
0
0
0
0
0
0
0
0
0
0
0
0
0
0
0
0
0
0
0
0
0
0
0
0
0
0
0
0
0
0
0
0
0
0
0
0
0
0
0
0
0
0
0
0
0
0
0
0
0
0
0
0
0
0
0
0
0
0
0
0
0
0
0
0
0
0
0
0
0
0
0
0
0
0
0
0
0
0
0
0
0
0
0
0
0
0
0
0
0
0
0
0
0
0
0
0
0
0
0
0
0
0
0
0
0
0
0
0
0
0
0
0
0
0
0
0
0
0
0
0
0
0
0
0
0
0
0
0
0
0
0
0
0
0
0
0
0
0
0
0
0
0
0
0
0
0
0
0
0
0
0
0
0
0
0
0
0
0
0
0
0
0
0
0
0
0
0
0
0
0
0
0
0
0
0
0
0
0
0
0
0
0
0
0
0
0
0
0
0
0
0
0
0
0
0
0
0
0
0
0
0
0
0
0
0
0
0
0
0
0
0
0
0
0
0
0
0
0
0
0
0
0
0
0
0
0
0
0
0
0
0
0
0
0
0
0
0
0
0
0
0
0
0
0
0
0
0
0
0
0
0
0
0
0
0
0
0
0
0
0
0
0
0
0
0
0
0
0
0
0
0
0
0
0
0
0
0
0
0
0
0
0
0
0
0
0
0
0
0
0
0
0
0
0
0
0
0
0
0
0
0
0
0
0
0
0
0
0
0
0
0
0
0
0
0
0
0
0
0
0
0
0
0
0
0
0
0
0
0
0
0
0
0
0
0
0
0
0
0
0
0
0
0
0
0
0
0
0
0
0
0
0
0
0
0
0
0
0
0
0
0
0
0
0
0
0
0
0
0
0
0
0
0
0
0
0
0
0
0
0
0
0
0
0
0
0
0
0
0
0
0
0
0
0
0
0
0
0
0
0
0
0
0
0
0
0
0
0
0
0
0
0
0
0
0
0
0
0
0
0
0
0
0
0
0
0
0
0
0
0
0
0
0
0
0
0
0
0
0
0
0
0
0
0
0
0
0
0
0
0
0
0
0
0
0
0
0
0
0
0
0
0
0
0
0
0
0
0
0
0
0
0
0
0
0
0
0
0
0
0
0
0
0
0
0
0
0
0
0
0
0
0
0
0
0
0
0
0
0
0
0
0
0
0
0
0
0
0
0
0
0
0
0
0
0
0
0
0
0
0
0
0
0
0
0
0
0
0
0
0
0
0
0
0
0
0
0
0
0
0
0
0
0
0
0
0
0
0
0
0
0
0
0
0
0
0
0
0
0
0
0
0
0
0
0
0
0
0
0
0
0
0
0
0
0
0
0
0
0
0
0
0
0
0
0
0
0
0
0
0
0
0
0
0
0
0
0
0
0
0
0
0
0
0
0
0
0
0
0
0
0
0
0
0
0
0
0
0
0
0
0
0
0
0
0
0
0
0
0
0
0
0
0
0
0
0
0
0
0
0
0
0
0
0
0
0
0
0
0
0
0
0
0
0
0
0
0
0
0
0
0
0
0
0
0
0
0
0
0
0
0
0
0
0
0
0
0
0
0
0
0
0
0
0
0
0
0
0
0
0
0
0
0
0
0
0
0
0
0
0
0
0
0
0
0
0
0
0
0
0
0
0
0
0
0
0
0
0
0
0
0
0
0
0
0
0
0
0
0
0
0
0
0
0
0
0
0
0
0
0
0
0
0
0
0
0
0
0
0
0
0
0
0
0
0
0
0
0
0
0
0
0
0
0
0
0
0
0
0
0
0
0
0
0
0
0
0
0
0
0
0
0
0
0
0
0
0
0
0
0
0
0
0
0
0
0
0
0
0
0
0
0
0
0
0
0
0
0
0
0
0
0
0
0
0
0
0
0
0
0
0
0
0
0
0
0
0
0
0
0
0
0
0
0
0
0
0
0
0
0
0
0
0
0
0
0
0
0
0
0
0
0
0
0
0
0
0
0
0
0
0
0
0
0
0
0
0
0
0
0
0
0
0
0
0
0
0
0
0
0
0
0
0
0
0
0
0
0
0
0
0
0
0
0
0
0
0
0
0
0
0
0
0
0
0
0
0
0
0
0
0
0
0
0
0
0
0
0
0
0
0
0
0
0
0
0
0
0
0
0
0
0
0
0
0
0
0
0
0
0
0
0
0
0
0
0
0
0
0
0
0
0
0
0
0
0
0
0
0
0
0
0
0
0
0
0
0
0
0
0
0
0
0
0
0
0
0
0
0
0
0
0
0
0
0
0
0
0
0
0
0
0
0
0
0
0
0
0
0
0
0
0
0
0
0
0
0
0
0
0
0
0
0
0
0
0
0
0
0
0
0
0
0
0
0
0
0
0
0
0
0
0
0
0
0
0
0
0
0
0
0
0
0
0
0
0
0
0
0
0
0
0
0
0
0
0
0
0
0
0
0
0
0
0
0
0
0
0
0
0
0
0
0
0
0
0
0
0
0
0
0
0
0
0
0
0
0
0
0
0
0
0
0
0
0
0
0
0
0
0
0
0
0
0
0
0
0
0
0
0
0
0
0
0
0
0
0
0
0
0
0
0
0
0
0
0
0
0
0
0
0
0
0
0
0
0
0
0
0
0
0
0
0
0
0
0
0
0
0
0
0
0
0
0
0
0
0
0
0
0
0
0
0
0
0
0
0
0
0
0
0
0
0
0
0
0
0
0
0
0
0
0
0
0
0
0
0
0
0
0
0
0
0
0
0
0
0
0
0
0
0
0
0
0
0
0
0
0
0
0
0
0
0
0
0
0
0
0
0
0
0
0
0
0
0
0
0
0
0
0
0
0
0
0
0
0
0
0
0
0
0
0
0
0
0
0
0
0
0
0
0
0
0
0
0
0
0
0
0
0
0
0
0
0
0
0
0
0
0
0
0
0
0
0
0
0
0
0
0
0
0
0
0
0
0
0
0
0
0
0
0
0
0
0
0
0
0
0
0
0
0
0
0
0
0
0
0
0
0
0
0
0
0
0
0
0
0
0
0
0
0
0
0
0
0
0
0
0
0
0
0
0
0
0
0
0
0
0
0
0
0
0
0
0
0
0
0
0
0
0
0
0
0
0
0
0
0
0
0
0
0
0
0
0
0
0
0
0
0
0
0
0
0
0
0
0
0
0
0
0
0
0
0
0
0
0
0
0
0
0
0
0
0
0
0
0
0
0
0
0
0
0
0
0
0
0
0
0
0
0
0
0
0
0
0
0
0
0
0
0
0
0
0
0
0
0
0
0
0
0
0
0
0
0
0
0
0
0
0
0
0
0
0
0
0
0
0
0
0
0
0
0
0
0
0
0
0
0
0
0
0
0
0
0
0
0
0
0
0
0
0
0
0
0
0
0
0
0
0
0
0
0
0
0
0
0
0
0
0
0
0
0
0
0
0
0
0
0
0
0
0
0
0
0
0
0
0
0
0
0
0
0
0
0
0
0
0
0
0
0
0
0
0
0
0
0
0
0
0
0
0
0
0
0
0
0
0
0
0
0
0
0
0
0
0
0
0
0
0
0
0
0
0
0
0
0
0
0
0
0
0
0
0
0
0
0
0
0
0
0
0
0
0
0
0
0
0
0
0
0
0
0
0
0
0
0
0
0
0
0
0
0
0
0
0
0
0
0
0
0
0
0
0
0
0
0
0
0
0
0
0
0
0
0
0
0
0
0
0
0
0
0
0
0
0
0
0
0
0
0
0
0
0
0
0
0
0
0
0
0
0
0
0
0
0
0
0
0
0
0
0
0
0
0
0
0
0
0
0
0
0
0
0
0
0
0
0
0
0
0
0
0
0
0
0
0
0
0
0
0
0
0
0
0
0
0
0
0
0
0
0
0
0
0
0
0
0
0
0
0
0
0
0
0
0
0
0
0
0
0
0
0
0
0
0
0
0
0
0
0
0
0
0
0
0
0
0
0
0
0
0
0
0
0
0
0
0
0
0
0
0
0
0
0
0
0
0
0
0
0
0
0
0
0
0
0
0
0
0
0
0
0
0
0
0
0
0
0
0
0
0
0
0
0
0
0
0
0
0
0
0
0
0
0
0
0
0
0
0
0
0
0
0
0
0
0
0
0
0
0
0
0
0
0
0
0
0
0
0
0
0
0
0
0
0
0
0
0
0
0
0
0
0
0
0
0
0
0
0
0
0
0
0
0
0
0
0
0
0
0
0
0
0
0
0
0
0
0
0
0
0
0
0
0
0
0
0
0
0
0
0
0
0
0
0
0
0
0
0
0
0
0
0
0
0
0
0
0
0
0
0
0
0
0
0
0
0
0
0
0
0
0
0
0
0
0
0
0
0
0
0
0
0
0
0
0
0
0
0
0
0
0
0
0
0
0
0
0
0
0
0
0
0
0
0
0
0
0
0
0
0
0
0
0
0
0
0
0
0
0
0
0
0
0
0
0
0
0
0
0
0
0
0
0
0
0
0
0
0
0
0
0
0
0
0
0
0
0
0
0
0
0
0
0
0
0
0
0
0
0
0
0
0
0
0
0
0
0
0
0
0
0
0
0
0
0
0
0
0
0
0
0
0
0
0
0
0
0
0
0
0
0
0
0
0
0
0
0
0
0
0
0
0
0
0
0
0
0
0
0
0
0
0
0
0
0
0
0
0
0
0
0
0
0
0
0
0
0
0
0
0
0
0
0
0
0
0
0
0
0
0
0
0
0
0
0
0
0
0
0
0
0
0
0
0
0
0
0
0
0
0
0
0
0
0
0
0
0
0
0
0
0
0
0
0
0
0
0
0
0
0
0
0
0
0
0
0
0
0
0
0
0
0
0
0
0
0
0
0
0
0
0
0
0
0
0
0
0
0
0
0
0
0
0
0
0
0
0
0
0
0
0
0
0
0
0
0
0
0
0
0
0
0
0
0
0
0
0
0
0
0
0
0
0
0
0
0
0
0
0
0
0
0
0
0
0
0
0
0
0
0
0
0
0
0
0
0
0
0
0
0
0
0
0
0
0
0
0
0
0
0
0
0
0
0
0
0
0
0
0
0
0
0
0
0
0
0
0
0
0
0
0
0
0
0
0
0
0
0
0
0
0
0
0
0
0
0
0
0
0
0
0
0
0
0
0
0
0
0
0
0
0
0
0
0
0
0
0
0
0
0
0
0
0
0
0
0
0
0
0
0
0
0
0
0
0
0
0
0
0
0
0
0
0
0
0
0
0
0
0
0
0
0
0
0
0
0
0
0
0
0
0
0
0
0
0
0
0
0
0
0
0
0
0
0
0
0
0
0
0
0
0
0
0
0
0
0
0
0
0
0
0
0
0
0
0
0
0
0
0
0
0
0
0
0
0
0
0
0
0
0
0
0
0
0
0
0
0
0
0
0
0
0
0
0
0
0
0
