1	4.1424
2	3.28166
3	3.13536
4	2.84831
5	3.09116
6	3.86882
7	3.4798
8	3.2197
9	2.79312
10	3.54996
11	3.84958
12	2.5092
13	3.37119
14	3.56277
15	2.66796
16	3.76377
17	4.03357
18	3.44882
19	2.69342
20	2.71986
21	3.54073
22	3.43076
23	2.98183
24	3.27987
25	3.43508
26	3.61349
27	3.11675
28	4.10643
29	3.92685
30	3.61037
31	3.19892
32	3.71806
33	3.49282
34	3.78269
35	3.32901
36	3.88694
37	3.57357
38	3.09536
39	3.59289
40	3.81403
41	3.92769
42	3.00387
43	3.372
44	2.88274
45	3.31799
46	3.1858
47	4.0448
48	3.02716
49	3.67767
50	4.36302
51	3.57425
52	3.63136
53	3.93904
54	2.92742
55	3.26021
56	3.02387
57	3.45434
58	4.06293
59	3.46034
60	3.20327
61	3.05975
62	3.79692
63	3.03971
64	2.43777
65	2.21122
66	1.89999
67	3.51881
68	3.44321
69	3.70389
70	3.23041
71	2.34589
72	3.61157
73	3.82724
74	3.10445
75	3.08874
76	2.98178
77	3.74646
78	3.23786
79	2.78282
80	3.89225
81	3.17717
82	3.90231
83	3.67521
84	3.31769
85	3.38996
86	3.47139
87	2.46555
88	3.13205
89	3.16999
90	3.61018
91	2.56791
92	2.42877
93	3.78593
94	3.0385
95	3.68075
96	3.89642
97	3.28753
98	3.50994
99	3.19937
100	3.88026
101	2.09873
102	3.30485
103	3.60697
104	3.23597
105	3.56082
106	3.29282
107	3.28541
108	3.57431
109	4.22581
110	3.81502
111	3.48752
112	3.01128
113	3.41936
114	3.57453
115	3.91324
116	3.51588
117	3.1923
118	3.26977
119	3.51949
120	3.88452
121	2.97198
122	3.95218
123	3.43598
124	3.73431
125	2.27999
126	3.45481
127	3.90425
128	3.4581
129	3.65396
130	3.45903
131	2.75929
132	3.46694
133	3.62508
134	2.94965
135	3.42065
136	3.35857
137	3.45884
138	3.5744
139	3.21672
140	3.61509
141	3.57453
142	3.57414
143	3.55627
144	3.43295
145	3.18661
146	3.79053
147	3.15261
148	3.78699
149	4.12061
150	3.63951
151	3.02467
152	2.81734
153	3.61322
154	3.46393
155	3.69739
156	2.91814
157	3.02132
158	3.33283
159	2.51476
160	3.77473
161	3.68179
162	3.46329
163	3.55025
164	3.57454
165	2.40407
166	3.6098
167	3.09244
168	2.14463
169	3.26605
170	3.68147
171	2.79272
172	2.51033
173	2.54243
174	3.55077
175	3.91395
176	2.88993
177	3.49583
178	2.50634
179	3.65591
180	1.86689
181	3.10553
182	3.51741
183	3.39119
184	3.08045
185	2.8498
186	3.31483
187	3.27993
188	3.33059
189	3.79624
190	2.64526
191	3.48293
192	2.21449
193	3.76226
194	2.98032
195	2.94062
196	3.47612
197	3.30884
198	3.7757
199	3.21034
200	3.21227
201	2.99033
202	3.1316
203	2.98664
204	3.60081
205	3.59621
206	3.16094
207	2.72344
208	2.77786
209	3.26984
210	3.62116
211	3.27237
212	4.06395
213	3.95749
214	3.81705
215	3.34724
216	2.91838
217	3.16184
218	3.32825
219	2.57755
220	3.58802
221	3.73013
222	3.37239
223	3.31682
224	3.48394
225	2.83657
226	3.10603
227	3.56568
228	3.46633
229	3.2416
230	3.99104
231	3.52558
232	2.47937
233	3.28529
234	3.36926
235	3.07876
236	2.97412
237	2.98192
238	2.94762
239	3.41326
240	3.37579
241	2.94041
242	3.07136
243	3.40467
244	3.95688
245	3.68339
246	2.98002
247	3.8097
248	3.00564
249	3.45718
250	3.35217
251	3.51418
252	3.2621
253	2.33433
254	2.83989
255	3.34673
256	2.63182
257	2.97201
258	4.38328
259	3.68564
260	3.76765
261	3.63955
262	3.48838
263	3.83846
264	3.54254
265	2.89741
266	3.39784
267	3.55899
268	3.0789
269	3.21213
270	3.66145
271	3.07355
272	3.14071
273	2.7656
274	2.77726
275	3.22774
276	3.00813
277	3.6567
278	3.66629
279	3.65618
280	3.30914
281	3.41121
282	3.5741
283	3.57476
284	3.54981
285	3.2493
286	3.01565
287	3.28285
288	3.85013
289	2.43471
290	3.36858
291	3.94751
292	3.33763
293	3.0615
294	3.92564
295	3.39378
296	3.75534
297	3.57792
298	3.64912
299	3.48847
300	3.81762
301	3.01707
302	3.33801
303	2.57392
304	4.15917
305	4.10087
306	3.98174
307	3.62973
308	3.36265
309	3.55061
310	2.61465
311	3.12303
312	3.74357
313	2.82845
314	3.55756
315	3.29823
316	4.56527
317	3.89784
318	3.56089
319	3.82658
320	3.73666
321	3.85788
322	2.78183
323	4.18613
324	2.69062
325	3.13263
326	3.45077
327	2.79956
328	3.29068
329	2.70033
330	3.54489
331	3.80527
332	3.53436
333	3.09278
334	3.71284
335	3.05183
336	3.5681
337	3.22458
338	3.70195
339	3.51294
340	2.78824
341	3.23151
342	3.74184
343	3.559
344	3.39961
345	3.61469
346	3.72229
347	3.50475
348	3.33485
349	3.17375
350	3.44516
351	3.37258
352	2.51439
353	4.08473
354	3.73168
355	3.34611
356	3.44008
357	2.62783
358	3.47947
359	3.31232
360	4.16903
361	3.88757
362	3.09696
363	2.96486
364	3.33189
365	3.56309
366	3.48018
367	3.03779
368	3.22762
369	3.25933
370	3.79767
371	2.23694
372	3.32523
373	3.31987
374	3.64479
375	3.01723
376	3.04851
377	3.66912
378	3.35718
379	3.08751
380	3.39907
381	3.18926
382	3.54649
383	2.97997
384	2.84737
385	3.64097
386	3.55093
387	3.54933
388	3.34422
389	3.11651
390	2.10337
391	3.61031
392	3.57419
393	3.59692
394	3.41174
395	3.57456
396	3.57426
397	3.5747
398	3.57431
399	3.54919
400	3.57414
401	3.62292
402	2.3353
403	3.52896
404	3.11126
405	3.3162
406	3.25132
407	2.92937
408	3.32937
409	3.61472
410	2.70563
411	2.78924
412	2.67374
413	2.57693
414	3.52321
415	2.88282
416	2.3506
417	2.6933
418	3.43474
419	3.22104
420	3.22867
421	2.77607
422	3.63625
423	3.11764
424	2.5249
425	3.95286
426	2.53886
427	3.03793
428	3.71873
429	2.72036
430	3.00517
431	3.18516
432	2.78764
433	2.82419
434	2.34447
435	2.75404
436	3.66515
437	3.86379
438	3.62135
439	3.05009
440	3.50206
441	2.54237
442	2.84674
443	4.03737
444	2.8869
445	3.58637
446	3.70282
447	3.35491
448	3.23767
449	3.37329
450	3.40092
451	3.621
452	2.69125
453	3.88961
454	4.12978
455	3.30993
456	2.94247
457	2.92601
458	3.35636
459	2.90472
460	2.95864
461	2.92173
462	3.33312
463	2.88689
464	3.31475
465	3.31093
466	3.20439
467	2.24949
468	3.50142
469	2.92642
470	2.42052
471	3.84947
472	3.89314
473	3.133
474	3.51838
475	3.05197
476	2.92901
477	3.73181
478	3.35908
479	3.61473
480	3.71557
481	3.04004
482	2.72761
483	3.06173
484	2.72221
485	3.48943
486	2.57282
487	3.4555
488	3.41021
489	3.69237
490	3.60073
491	3.35124
492	3.36377
493	3.50401
494	4.01194
495	2.9599
496	2.94522
497	3.53494
498	3.61095
499	2.02979
500	3.6395
501	3.09814
502	2.7133
503	3.5249
504	3.47031
505	3.93715
506	3.5335
507	2.84351
508	3.24644
509	3.0185
510	3.21045
511	3.58582
512	3.77689
513	2.99441
514	3.33458
515	2.58084
516	2.08862
517	2.97884
518	3.42596
519	3.57768
520	3.71555
521	3.66175
522	3.44367
523	3.30379
524	4.50231
525	2.81038
526	3.9471
527	3.56651
528	3.67808
529	3.00117
530	2.91501
531	3.83078
532	3.72146
533	3.29135
534	3.08249
535	3.70428
536	3.80211
537	2.38406
538	4.09951
539	2.78494
540	3.44487
541	2.81997
542	3.49676
543	2.06791
544	2.86923
545	2.74571
546	3.7386
547	3.09789
548	3.54002
549	3.29809
550	3.93734
551	3.16637
552	3.79981
553	4.14878
554	3.60932
555	2.79287
556	3.57216
557	3.49752
558	3.61541
559	3.63053
560	3.39334
561	2.74224
562	3.10246
563	3.46685
564	3.6751
565	3.78146
566	3.0138
567	3.33999
568	3.56681
569	3.56475
570	3.63415
571	3.34885
572	3.11061
573	3.55407
574	3.14868
575	3.68441
576	3.57454
577	3.21948
578	4.04584
579	3.55119
580	3.72863
581	3.59827
582	2.88414
583	3.27612
584	3.60224
585	3.81753
586	3.9509
587	3.94862
588	3.41181
589	3.54202
590	4.25187
591	3.83358
592	3.89016
593	3.70516
594	3.71501
595	3.77406
596	4.06134
597	3.19786
598	3.57443
599	4.01853
600	3.11869
601	3.57426
602	3.44072
603	2.45087
604	3.44089
605	3.92685
606	2.87546
607	3.5388
608	2.56094
609	2.67176
610	3.63759
611	3.34978
612	3.99046
613	3.47906
614	3.7323
615	3.09886
616	3.06688
617	3.57422
618	3.67029
619	3.56755
620	3.59219
621	3.57459
622	2.80645
623	3.66852
624	3.97109
625	3.57485
626	3.37206
627	2.36049
628	3.6082
629	3.59065
630	3.26583
631	3.62346
632	3.57448
633	2.67187
634	3.38371
635	2.79922
636	2.7914
637	3.5739
638	3.57423
639	3.57427
640	3.57439
641	3.44067
642	3.65225
643	3.50874
644	3.89229
645	3.59214
646	3.57403
647	3.34878
648	3.31313
649	3.57419
650	3.57446
651	2.94884
652	3.57067
653	3.55023
654	3.69336
655	3.4282
656	3.40289
657	3.11954
658	3.38369
659	3.4181
660	3.67851
661	3.65444
662	2.43102
663	4.30124
664	3.93592
665	4.29976
666	3.59171
667	3.49655
668	2.74828
669	3.03305
670	3.57394
671	3.5742
672	4.22456
673	3.57143
674	3.52907
675	3.77736
676	3.63624
677	3.57417
678	3.5749
679	3.46313
680	3.41789
681	2.43561
682	3.53449
683	3.25327
684	2.42345
685	3.57421
686	2.74252
687	3.20489
688	3.53751
689	2.70168
690	3.45091
691	3.57425
692	3.36532
693	3.59781
694	3.72368
695	3.19035
696	2.58608
697	3.78599
698	3.57414
699	3.22596
700	3.52926
701	3.16823
702	2.59359
703	2.77517
704	3.56944
705	3.57461
706	3.99445
707	3.59426
708	3.04699
709	3.57431
710	3.52885
711	2.99132
712	4.355
713	3.57439
714	3.7371
715	3.57412
716	3.17077
717	2.80154
718	3.46436
719	3.57471
720	3.7587
721	3.58394
722	3.44083
723	3.12859
724	3.38464
725	3.77975
726	3.59371
727	3.20038
728	3.27951
729	2.20214
730	3.57405
731	3.57416
732	4.02666
733	2.7235
734	2.7598
735	3.3811
736	4.45617
737	3.91464
738	2.31257
739	3.16874
740	3.46557
741	4.10714
742	3.58404
743	3.57421
744	3.40285
745	3.43913
746	3.65062
747	3.57767
748	3.57227
749	3.60697
750	4.03367
751	3.53558
752	2.91874
753	2.45612
754	3.54177
755	3.28041
756	2.80863
757	3.57521
758	3.28374
759	3.5746
760	3.43241
761	3.57462
762	3.74079
763	3.57422
764	3.57405
765	3.59114
766	3.45077
767	3.43737
768	3.57412
769	3.70783
770	2.9593
771	3.61746
772	3.48541
773	2.71085
774	3.27618
775	2.78448
776	3.40063
777	3.21332
778	3.72245
779	3.07397
780	3.61352
781	3.57479
782	3.53592
783	3.59934
784	3.20064
785	3.57439
786	3.57431
787	3.59798
788	3.57442
789	2.8474
790	3.37425
791	3.91689
792	3.19728
793	3.55637
794	3.68243
795	3.03351
796	3.72341
797	3.20764
798	3.43797
799	3.27501
800	2.71247
801	1.75619
802	3.58379
803	3.57428
804	2.87374
805	3.54895
806	3.23916
807	3.57483
808	2.69424
809	3.57412
810	3.50396
811	3.4036
812	3.57406
813	3.42957
814	3.73614
815	3.57369
816	3.438
817	3.54102
818	2.82406
819	2.47302
820	3.07167
821	3.63562
822	3.56686
823	2.59477
824	3.40929
825	3.17535
826	2.7924
827	3.52268
828	3.88662
829	2.41436
830	2.76624
831	3.50433
832	2.68372
833	3.43386
834	3.57263
835	3.57429
836	3.66301
837	3.12052
838	3.59119
839	2.65319
840	3.76374
841	3.53386
842	3.33106
843	3.57304
844	3.40061
845	3.57458
846	3.57461
847	3.57386
848	4.31374
849	3.57461
850	3.53655
851	3.51922
852	3.59831
853	3.54208
854	3.58611
855	3.49182
856	3.73497
857	2.9048
858	3.53895
859	3.17844
860	2.43697
861	3.57423
862	3.54311
863	3.57441
864	3.50448
865	3.41674
866	3.28141
867	3.35281
868	3.60007
869	2.96905
870	2.31109
871	2.82677
872	2.90586
873	3.54131
874	2.97692
875	3.03114
876	3.46662
877	2.55694
878	3.45629
879	3.57417
880	2.47388
881	3.87702
882	3.64387
883	3.57422
884	3.44143
885	3.48778
886	3.72831
887	4.18969
888	4.14109
889	3.79953
890	3.6219
891	3.86714
892	4.14753
893	4.34785
894	4.31401
895	4.1003
896	4.02235
897	4.2303
898	4.03154
899	4.16884
900	4.21577
901	4.27805
902	4.27836
903	4.15963
904	3.93925
905	4.22711
906	3.5815
907	3.75471
908	4.18119
909	3.98039
910	3.86565
911	4.32093
912	4.05776
913	3.80452
914	3.4451
915	4.14909
916	4.03895
917	4.15553
918	3.71371
919	4.21493
920	3.96586
921	3.92905
922	4.08474
923	3.6926
924	3.62512
925	4.06526
926	3.77325
927	3.54949
928	3.38014
929	3.96689
930	3.7996
931	4.14131
932	3.91697
933	3.66291
934	4.11393
935	3.83177
936	4.07186
937	3.81255
938	3.97713
939	4.20231
940	4.16616
941	3.59587
942	4.30679
943	4.25163
944	4.15869
945	3.49519
946	3.25371
947	3.433
948	3.64888
949	3.40671
950	3.66352
951	3.48313
952	3.60865
953	3.54333
954	4.06366
955	3.5755
956	3.45582
957	3.47094
958	4.14127
959	3.55716
960	3.91936
961	3.4939
962	3.92933
963	3.6132
964	3.37448
965	3.62553
966	3.47575
967	3.82523
968	3.57447
969	3.5018
970	3.39158
971	3.84337
972	3.57446
973	3.04136
974	3.59985
975	3.61546
976	3.19593
977	3.38791
978	3.57392
979	2.89084
980	3.65634
981	3.09314
982	3.52576
983	4.03678
984	2.96528
985	3.45719
986	2.96223
987	3.36811
988	3.34483
989	3.57378
990	3.69817
991	3.01728
992	2.87033
993	2.61003
994	3.27056
995	3.10798
996	3.42067
997	3.18039
998	3.33486
999	2.88087
1000	3.73301
1001	3.59075
1002	3.44656
1003	3.38295
1004	3.28642
1005	3.57164
1006	3.29857
1007	3.66351
1008	3.33199
1009	2.83838
1010	3.81407
1011	4.01876
1012	3.3345
1013	3.68352
1014	3.60995
1015	3.32574
1016	3.91905
1017	3.66302
1018	3.13825
1019	3.46228
1020	3.59789
1021	3.46299
1022	3.5888
1023	3.98501
1024	4.0858
1025	2.84811
1026	3.50151
1027	3.60879
1028	3.59562
1029	3.95317
1030	3.47201
1031	2.9415
1032	3.37909
1033	3.57449
1034	3.95266
1035	3.59518
1036	3.39928
1037	3.83165
1038	3.53901
1039	3.57473
1040	3.11179
1041	3.26082
1042	3.18744
1043	3.60093
1044	3.50628
1045	3.42255
1046	3.45453
1047	3.88525
1048	3.67742
1049	3.46024
1050	3.32456
1051	3.02649
1052	3.57447
1053	4.0943
1054	3.70291
1055	3.6497
1056	3.91543
1057	3.50849
1058	3.51111
1059	3.77999
1060	3.57452
1061	3.87451
1062	3.86275
1063	3.78366
1064	3.8389
1065	3.82724
1066	3.61259
1067	3.7057
1068	3.5598
1069	3.94969
1070	3.75527
1071	4.05908
1072	3.54311
1073	3.45084
1074	3.71911
1075	4.00015
1076	2.95501
1077	3.63172
1078	3.44079
1079	3.47647
1080	3.58268
1081	3.89285
1082	3.99993
1083	3.54084
1084	3.98482
1085	2.95787
1086	3.76176
1087	3.237
1088	3.85758
1089	4.10911
1090	2.3972
1091	3.57447
1092	3.39728
1093	3.5743
1094	3.57473
1095	3.57434
1096	4.16221
1097	3.44816
1098	3.1518
1099	3.15831
1100	3.57418
1101	3.52291
1102	3.83503
1103	3.57431
1104	3.45012
1105	3.51548
1106	3.33908
1107	3.57443
1108	3.61302
1109	3.711
1110	3.77565
1111	2.51404
1112	3.62173
1113	2.99619
1114	3.42255
1115	3.31794
1116	4.27019
1117	4.17149
1118	3.40875
1119	3.52341
1120	3.27138
1121	4.14982
1122	3.57453
1123	3.62067
1124	3.59957
1125	3.57454
1126	3.57438
1127	3.46952
1128	3.57428
1129	3.57998
1130	3.54758
1131	3.57462
1132	4.23638
1133	4.4414
1134	3.54818
1135	3.89
1136	3.48998
1137	3.53798
1138	3.53387
1139	3.66909
1140	3.5742
1141	3.57422
1142	3.57441
1143	3.57408
1144	3.5742
1145	3.33228
1146	3.83991
1147	3.8905
1148	3.33381
1149	3.48916
1150	3.4366
1151	3.57445
1152	2.97195
1153	3.03936
1154	3.71823
1155	2.72668
1156	3.73361
1157	4.24552
1158	3.13144
1159	3.54388
1160	3.88225
1161	4.03348
1162	3.94356
1163	4.28856
1164	3.55905
1165	3.84353
1166	3.33255
1167	3.5116
1168	3.81732
1169	3.85787
1170	3.4188
1171	3.67178
1172	3.80308
1173	4.14588
1174	3.49206
1175	3.18054
1176	4.04387
1177	4.23238
1178	3.46634
1179	4.18894
1180	4.24152
1181	4.37838
1182	3.73639
1183	3.96124
1184	3.97012
1185	3.54113
1186	4.18199
1187	4.22507
1188	3.35396
1189	3.59152
1190	4.30724
1191	4.00042
1192	3.95758
1193	3.99316
1194	4.01567
1195	4.27712
1196	4.01181
1197	3.99165
1198	3.7105
1199	3.71496
1200	4.14282
1201	4.07449
1202	3.94134
1203	3.86107
1204	4.11812
1205	3.89054
1206	4.26532
1207	4.31151
1208	4.15863
1209	4.09962
1210	3.87712
1211	3.90188
1212	3.71061
1213	4.06421
1214	3.62741
1215	4.19822
1216	4.31979
1217	3.94434
1218	4.21498
1219	4.0903
1220	3.9655
1221	4.05313
1222	3.47778
1223	4.17877
1224	3.91661
1225	3.77503
1226	3.8807
1227	4.06019
1228	4.02906
1229	4.00836
1230	3.93921
1231	4.31182
1232	3.95538
1233	4.0312
1234	4.0964
1235	4.17472
1236	3.39288
1237	3.97272
1238	3.94549
1239	3.9489
1240	4.06231
1241	4.21437
1242	3.66937
1243	4.3513
1244	3.96411
1245	4.00615
1246	3.8261
1247	3.94246
1248	4.14977
1249	3.6217
1250	4.13757
1251	3.97607
1252	3.82818
1253	4.25353
1254	3.91962
1255	3.75993
1256	3.81925
1257	4.11837
1258	3.86789
1259	4.1312
1260	3.81435
1261	4.06741
1262	4.03994
1263	3.8124
1264	4.14924
1265	4.21983
1266	3.66237
1267	3.65186
1268	4.08553
1269	3.7984
1270	4.01382
1271	3.62939
1272	4.11925
1273	3.88751
1274	4.06261
1275	3.99422
1276	3.42668
1277	3.78606
1278	3.7751
1279	3.60207
1280	4.12899
1281	4.04076
1282	3.99523
1283	3.94903
1284	4.09262
1285	4.17016
1286	3.74017
1287	3.73414
1288	4.10358
1289	3.57417
1290	3.57431
1291	3.57739
1292	3.19333
1293	3.41887
1294	2.90614
1295	3.57448
1296	3.46767
1297	3.59425
1298	3.35007
1299	3.5744
1300	3.57464
1301	3.10443
1302	3.69641
1303	2.34986
1304	1.95497
1305	2.50274
1306	2.54867
1307	2.42299
1308	3.06335
1309	2.59666
1310	2.89176
1311	3.15001
1312	3.43021
1313	3.08013
1314	3.83725
1315	3.16338
1316	2.50545
1317	2.59605
1318	3.56261
1319	3.42456
1320	3.7368
1321	3.01458
1322	3.00573
1323	3.63642
1324	3.81477
1325	3.49196
1326	3.19859
1327	3.49621
1328	3.75436
1329	3.34334
1330	3.54896
1331	3.34801
1332	2.99406
1333	3.1422
1334	3.67212
1335	3.20468
1336	3.74343
1337	3.78313
1338	4.09603
1339	2.59227
1340	3.64609
1341	4.13149
1342	3.96755
1343	3.06175
1344	3.58799
1345	3.71067
1346	3.30116
1347	3.14707
1348	3.57437
1349	3.70989
1350	3.57218
1351	3.22957
1352	3.45631
1353	3.00273
1354	3.82111
1355	3.43832
1356	3.70603
1357	3.00029
1358	3.53035
1359	3.06788
1360	3.71719
1361	2.10057
1362	2.95116
1363	2.77159
1364	3.66518
1365	3.33844
1366	3.57457
1367	3.89391
1368	2.71623
1369	2.017
1370	3.21938
1371	2.8285
1372	3.71568
1373	3.74859
1374	3.74541
1375	3.3276
1376	3.7896
1377	3.64899
1378	3.23462
1379	3.20652
1380	3.57436
1381	3.64446
1382	3.33354
1383	2.98117
1384	3.38267
1385	3.53827
1386	3.8427
1387	3.21195
1388	3.05985
1389	3.94998
1390	3.79033
1391	3.44231
1392	3.62609
1393	3.62654
1394	3.26524
1395	2.92322
1396	3.97567
1397	3.70474
1398	3.44244
1399	3.18018
1400	3.86845
1401	3.57434
1402	3.30057
1403	3.30269
1404	2.66157
1405	3.36911
1406	3.36368
1407	3.42176
1408	2.67963
1409	2.84924
1410	3.25476
1411	3.62687
1412	3.45105
1413	3.37299
1414	2.9159
1415	2.6272
1416	2.87048
1417	3.46257
1418	3.21376
1419	3.57426
1420	3.50579
1421	2.44102
1422	4.00298
1423	3.45809
1424	3.5745
1425	4.11041
1426	3.74005
1427	2.44994
1428	3.15106
1429	3.15066
1430	2.61186
1431	3.17618
1432	3.21706
1433	3.44866
1434	2.77842
1435	2.70191
1436	3.57434
1437	3.16199
1438	3.44322
1439	3.53134
1440	3.75264
1441	3.57439
1442	2.74754
1443	3.57883
1444	3.44044
1445	3.34932
1446	3.01564
1447	2.50593
1448	3.25857
1449	3.5215
1450	3.61868
1451	3.34911
1452	3.29445
1453	3.53883
1454	2.83557
1455	3.63465
1456	3.55354
1457	3.46665
1458	3.11747
1459	3.06484
1460	3.03701
1461	2.73172
1462	3.6613
1463	3.08764
1464	1.99679
1465	3.38085
1466	2.49527
1467	3.14971
1468	2.32073
1469	3.72437
1470	3.15997
1471	3.43417
1472	2.50891
1473	3.50609
1474	3.43814
1475	3.60291
1476	3.53008
1477	3.5399
1478	3.61466
1479	3.03765
1480	3.34415
1481	2.74034
1482	3.62196
1483	3.56598
1484	3.46771
1485	3.60102
1486	3.06209
1487	3.45934
1488	2.91231
1489	3.57479
1490	2.5825
1491	2.59527
1492	3.6858
1493	3.57423
1494	3.20221
1495	3.54723
1496	3.3977
1497	3.63172
1498	3.66542
1499	3.53348
1500	4.09596
1501	3.24931
1502	3.36667
1503	3.11901
1504	3.57663
1505	3.40599
1506	3.18747
1507	3.97441
1508	3.81687
1509	3.31817
1510	3.5395
1511	3.11989
1512	2.88533
1513	3.10196
1514	3.34384
1515	3.47551
1516	3.56962
1517	3.50742
1518	2.05943
1519	3.57435
1520	3.57432
1521	3.57463
1522	3.49069
1523	2.55158
1524	3.59607
1525	3.66957
1526	3.29654
1527	3.31621
1528	3.50358
1529	3.57451
1530	3.50632
1531	3.39369
1532	3.82703
1533	3.49632
1534	3.49729
1535	3.36935
1536	3.22462
1537	3.57471
1538	3.57429
1539	3.5404
1540	3.7515
1541	2.83272
1542	3.36819
1543	3.26208
1544	3.84856
1545	3.37706
1546	3.14544
1547	3.35297
1548	3.1291
1549	3.30716
1550	2.67213
1551	2.72868
1552	2.7319
1553	3.00235
1554	3.62569
1555	2.14326
1556	3.4678
1557	3.50713
1558	2.91724
1559	2.03434
1560	2.95465
1561	2.86879
1562	2.85952
1563	2.98616
1564	2.97215
1565	2.77302
1566	2.58123
1567	3.66013
1568	3.03666
1569	4.04745
1570	3.26585
1571	3.42671
1572	3.31057
1573	3.28487
1574	3.59905
1575	3.20108
1576	4.0116
1577	3.50441
1578	3.49561
1579	3.34317
1580	3.39569
1581	2.47975
1582	2.91096
1583	3.95605
1584	2.6951
1585	3.1483
1586	3.57446
1587	3.04189
1588	3.5741
1589	3.65015
1590	2.91315
1591	3.63662
1592	3.50552
1593	3.38356
1594	3.67341
1595	2.71139
1596	3.8324
1597	3.12162
1598	3.84564
1599	2.80281
1600	3.54963
1601	2.89477
1602	3.04002
1603	3.46835
1604	3.7881
1605	3.38159
1606	3.26466
1607	3.54753
1608	3.672
1609	3.44047
1610	2.65254
1611	3.37583
1612	3.64971
1613	3.22747
1614	3.30082
1615	3.54331
1616	3.2184
1617	3.00781
1618	3.87044
1619	3.72912
1620	2.82767
1621	2.9677
1622	2.91707
1623	2.92701
1624	3.34465
1625	3.48875
1626	3.34352
1627	3.60672
1628	3.47202
1629	4.00689
1630	3.40569
1631	3.13691
1632	3.04805
1633	3.83203
1634	2.73833
1635	3.85339
1636	2.43612
1637	3.81312
1638	3.68513
1639	3.69026
1640	3.614
1641	3.23553
1642	3.22789
1643	3.53639
1644	3.26707
1645	3.11282
1646	3.02268
1647	3.78497
1648	3.60621
1649	3.72412
1650	3.64262
1651	3.57443
1652	3.57409
1653	3.54878
1654	3.40279
1655	2.71033
1656	3.09007
1657	4.20306
1658	3.57427
1659	3.57442
1660	2.0037
1661	3.5743
1662	3.48858
1663	3.57446
1664	3.36824
1665	3.09262
1666	3.57431
1667	3.42411
1668	3.57421
1669	3.08715
1670	3.41346
1671	3.90132
1672	3.02066
1673	3.66768
1674	3.53056
1675	3.57432
1676	3.54486
1677	3.80517
1678	2.84616
1679	3.28219
1680	3.28209
1681	3.5521
1682	3.80865
1683	2.11989
1684	3.45994
1685	3.23101
1686	3.76999
1687	3.21158
1688	3.57437
1689	2.00111
1690	3.57415
1691	3.69532
1692	3.57505
1693	3.70713
1694	2.92337
1695	3.19443
1696	3.47697
1697	3.5764
1698	3.52885
1699	2.71109
1700	2.87302
1701	3.2926
1702	3.43366
1703	3.56858
1704	2.86561
1705	3.57417
1706	3.58153
1707	3.8828
1708	2.05515
1709	2.88386
1710	3.57411
1711	3.57403
1712	3.26705
1713	3.57473
1714	3.28885
1715	3.49015
1716	2.8223
1717	2.58055
1718	3.42674
1719	3.5744
1720	3.57431
1721	3.57899
1722	2.78969
1723	3.55058
1724	3.57418
1725	3.24835
1726	3.19045
1727	3.9779
1728	3.45904
1729	3.65998
1730	3.97711
1731	3.57448
1732	3.15639
1733	3.29958
1734	3.1338
1735	3.53729
1736	3.65537
1737	3.33628
1738	3.98062
1739	2.85864
1740	3.525
1741	3.10936
1742	3.08484
1743	3.55646
1744	3.04316
1745	3.54787
1746	3.68994
1747	3.49507
1748	3.54388
1749	3.53279
1750	3.50259
1751	3.57413
1752	2.9545
1753	3.37969
1754	3.57391
1755	3.4837
1756	3.29459
1757	2.94701
1758	3.48667
1759	2.91177
1760	2.19631
1761	3.99652
1762	3.26363
1763	3.65252
1764	2.74216
1765	3.59783
1766	3.06532
1767	3.87761
1768	3.36925
1769	3.3606
1770	2.79459
1771	2.46277
1772	3.45531
1773	3.11005
1774	3.62041
1775	3.55394
1776	3.76651
1777	3.77994
1778	3.46406
1779	3.5744
1780	3.16246
1781	3.32662
1782	3.17413
1783	3.64547
1784	3.5747
1785	2.92994
1786	3.17992
1787	2.4602
1788	3.11247
1789	3.20944
1790	3.38238
1791	3.47146
1792	3.54533
1793	3.52454
1794	2.19283
1795	2.35081
1796	3.25265
1797	3.61517
1798	3.14825
1799	2.86717
1800	3.42618
1801	2.68881
1802	3.54175
1803	3.59397
1804	3.41813
1805	3.73877
1806	3.40607
1807	3.41371
1808	3.24889
1809	3.46048
1810	3.20574
1811	3.83612
1812	3.3984
1813	2.88131
1814	2.58531
1815	3.35847
1816	3.11717
1817	3.53224
1818	3.39685
1819	2.65782
1820	3.07417
1821	3.91837
1822	3.33072
1823	3.15475
1824	3.51285
1825	3.64578
1826	2.98521
1827	3.35194
1828	3.24433
1829	3.57737
1830	3.6563
1831	3.40382
1832	3.99846
1833	3.5729
1834	3.38221
1835	3.55369
1836	3.57501
1837	3.34809
1838	3.5165
1839	3.85802
1840	3.57452
1841	3.54791
1842	3.68024
1843	2.96695
1844	3.62843
1845	3.90334
1846	3.74564
1847	3.59749
1848	3.2973
1849	3.3286
1850	3.2983
1851	3.1738
1852	2.8996
1853	3.58108
1854	3.54044
1855	3.79886
1856	2.58127
1857	3.7115
1858	3.37071
1859	4.10585
1860	3.48493
1861	3.79008
1862	3.5149
1863	3.97498
1864	3.42198
1865	3.44474
1866	3.90595
1867	4.05306
1868	3.92135
1869	3.74064
1870	3.93772
1871	4.02303
1872	3.95471
1873	3.863
1874	4.06392
1875	3.33237
1876	4.01824
1877	4.11327
1878	3.96975
1879	4.0235
1880	3.71587
1881	4.24019
1882	4.13768
1883	3.71446
1884	3.83171
1885	3.98356
1886	3.88297
1887	3.76713
1888	3.93456
1889	3.79502
1890	3.57252
1891	3.63593
1892	3.85685
1893	4.04046
1894	3.9225
1895	4.03947
1896	3.70264
1897	3.44475
1898	3.67215
1899	3.64396
1900	3.89532
1901	2.45597
1902	2.76847
1903	2.4014
1904	2.19853
1905	2.33801
1906	3.13476
1907	2.51786
1908	2.19324
1909	2.37836
1910	2.22661
1911	2.29004
1912	2.197
1913	1.99502
1914	3.58851
1915	2.83901
1916	2.20566
1917	2.43758
1918	2.2281
1919	2.48494
1920	2.39881
1921	2.65958
1922	2.85881
1923	2.77775
1924	2.30513
1925	2.05065
1926	3.6249
1927	2.58498
1928	2.06735
1929	3.74522
1930	1.96858
1931	2.8299
1932	3.90143
1933	3.63088
1934	3.332
1935	3.26771
1936	2.6172
1937	3.49865
1938	3.61242
1939	2.92948
1940	3.24831
1941	3.5478
1942	3.88909
1943	3.46223
1944	3.31162
1945	3.46666
1946	3.2381
1947	3.45966
1948	2.86564
1949	3.07454
1950	3.72704
1951	4.38356
1952	3.81584
1953	3.40491
1954	3.47131
1955	3.44409
1956	3.28266
1957	3.33938
1958	2.86086
1959	2.59125
1960	4.28237
1961	3.70033
1962	3.57409
1963	3.13477
1964	3.12089
1965	3.37613
1966	2.87347
1967	3.14353
1968	2.55234
1969	3.44966
1970	2.95759
1971	3.57445
1972	3.03317
1973	2.78291
1974	2.76433
1975	3.29421
1976	2.80758
1977	3.52701
1978	3.53141
1979	3.39683
1980	3.45293
1981	3.32667
1982	2.62779
1983	2.77154
1984	2.94823
1985	2.35171
1986	3.03267
1987	2.9946
1988	3.51746
1989	3.49363
1990	3.69268
1991	3.34682
1992	3.07964
1993	3.68919
1994	3.21396
1995	3.22254
1996	3.72303
1997	3.55042
1998	4.1449
1999	4.03744
2000	3.79618
2001	3.81338
2002	3.87523
2003	3.97027
2004	3.0093
2005	3.66932
2006	3.55898
2007	3.704
2008	3.40343
2009	3.50248
2010	3.81467
2011	3.59538
2012	3.80163
2013	3.7835
2014	3.02753
2015	3.54223
2016	3.21672
2017	3.68743
2018	3.55577
2019	3.68375
2020	2.68806
2021	3.33884
2022	3.58666
2023	2.9139
2024	2.55708
2025	2.79822
2026	3.1808
2027	3.02883
2028	3.71711
2029	3.49832
2030	3.25523
2031	3.63303
2032	3.42679
2033	3.4855
2034	3.37804
2035	3.35173
2036	3.25795
2037	3.33128
2038	3.38412
2039	2.78825
2040	3.66631
2041	3.63138
2042	3.26438
2043	3.19724
2044	3.57204
2045	2.45764
2046	3.76513
2047	3.7178
2048	3.40745
2049	3.69039
2050	3.623
2051	2.51004
2052	3.10879
2053	2.91173
2054	2.66401
2055	2.94168
2056	3.22623
2057	3.75105
2058	2.92508
2059	3.48925
2060	3.37055
2061	3.61428
2062	3.72778
2063	3.80063
2064	3.8726
2065	3.36457
2066	3.51293
2067	3.30965
2068	3.33932
2069	3.78067
2070	3.8059
2071	3.83166
2072	3.62116
2073	3.49005
2074	2.9682
2075	3.30806
2076	3.71732
2077	3.44532
2078	3.2464
2079	2.70603
2080	2.99968
2081	2.47413
2082	3.73858
2083	3.25594
2084	2.48199
2085	2.08616
2086	2.83399
2087	3.30895
2088	3.55185
2089	3.43432
2090	3.03567
2091	3.44933
2092	3.55645
2093	3.6273
2094	2.53265
2095	2.72506
2096	2.87935
2097	3.28148
2098	3.52064
2099	3.45655
2100	3.1239
2101	2.80545
2102	2.69542
2103	3.69245
2104	3.50811
2105	3.61805
2106	3.48968
2107	3.69285
2108	3.88937
2109	3.28432
2110	3.70019
2111	3.31525
2112	3.50573
2113	3.59486
2114	3.56611
2115	3.9988
2116	3.62368
2117	3.61289
2118	4.23389
2119	3.62209
2120	2.94149
2121	3.58072
2122	3.03906
2123	3.42903
2124	3.5046
2125	3.54486
2126	4.00772
2127	3.13534
2128	2.9067
2129	3.8244
2130	3.62806
2131	3.57438
2132	3.2807
2133	3.57622
2134	3.92026
2135	4.30601
2136	3.78371
2137	3.6605
2138	4.11579
2139	3.45151
2140	4.13807
2141	3.3764
2142	3.65779
2143	3.63015
2144	3.83729
2145	3.44133
2146	3.54029
2147	3.7068
2148	3.57444
2149	3.44128
2150	3.47918
2151	3.50587
2152	3.57403
2153	3.23846
2154	3.5748
2155	3.53651
2156	3.5748
2157	3.57414
2158	3.57469
2159	3.53974
2160	3.57425
2161	3.57467
2162	3.57436
2163	3.59759
2164	3.32458
2165	3.47589
2166	3.19737
2167	3.57416
2168	3.64042
2169	3.57926
2170	3.83904
2171	3.7322
2172	3.49983
2173	2.96162
2174	3.23076
2175	3.57384
2176	3.04303
2177	3.48835
2178	3.3328
2179	3.17109
2180	3.93479
2181	3.29346
2182	3.2428
2183	3.59516
2184	3.1545
2185	2.7059
2186	3.57417
2187	2.82315
2188	2.85377
2189	3.20237
2190	3.50505
2191	2.78605
2192	3.10515
2193	3.47071
2194	3.30025
2195	3.25369
2196	2.78996
2197	2.29202
2198	2.9872
2199	3.06853
2200	3.99907
2201	2.89983
2202	3.57415
2203	3.44628
2204	3.47231
2205	3.62052
2206	3.57476
2207	3.33478
2208	3.65295
2209	3.57486
2210	3.54322
2211	2.86799
2212	3.5204
2213	3.5663
2214	3.48515
2215	3.03003
2216	3.72525
2217	3.85536
2218	2.78175
2219	3.41887
2220	3.75489
2221	3.6519
2222	3.22151
2223	3.39525
2224	3.03441
2225	3.44731
2226	3.47364
2227	3.81373
2228	2.57671
2229	3.22242
2230	2.89274
2231	3.56919
2232	3.99572
2233	3.67985
2234	3.8193
2235	3.75219
2236	3.54971
2237	3.61902
2238	2.74253
2239	2.93158
2240	3.48768
2241	3.66919
2242	3.79724
2243	3.48544
2244	3.84988
2245	3.91546
2246	3.04418
2247	2.39698
2248	3.06183
2249	3.22745
2250	3.79428
2251	3.57441
2252	3.1915
2253	3.61099
2254	3.08249
2255	3.87007
2256	4.32409
2257	3.14899
2258	3.40072
2259	2.9945
2260	2.8624
2261	4.24569
2262	4.07722
2263	3.25529
2264	3.52844
2265	3.69407
2266	3.18832
2267	3.104
2268	3.98553
2269	3.31446
2270	2.35479
2271	3.28546
2272	3.29356
2273	3.58658
2274	3.57224
2275	3.40081
2276	3.47339
2277	3.49357
2278	3.3084
2279	3.70306
2280	3.47282
2281	3.61279
2282	3.20387
2283	4.16944
2284	3.88937
2285	3.74218
2286	2.84237
2287	3.85265
2288	3.06013
2289	4.25758
2290	3.65127
2291	3.8346
2292	4.25434
2293	3.22134
2294	3.07998
2295	3.15896
2296	2.82026
2297	2.84574
2298	3.5072
2299	2.88123
2300	2.05825
2301	2.90846
2302	3.5362
2303	3.61444
2304	3.16441
2305	2.57211
2306	3.02778
2307	3.02644
2308	3.35912
2309	3.03138
2310	3.09449
2311	2.54671
2312	2.2298
2313	2.06533
2314	1.94877
2315	1.88123
2316	3.17685
2317	2.66517
2318	2.2726
2319	2.92231
2320	3.53707
2321	2.76839
2322	3.69656
2323	3.62525
2324	2.35501
2325	3.50945
2326	3.58092
2327	3.39946
2328	4.12434
2329	3.38347
2330	3.90895
2331	2.85727
2332	3.03062
2333	3.75323
2334	2.98947
2335	3.62311
2336	2.60683
2337	3.30699
2338	3.69683
2339	3.6085
2340	2.66482
2341	3.26768
2342	3.01976
2343	2.84279
2344	2.31909
2345	3.32831
2346	3.46106
2347	3.14763
2348	3.24873
2349	3.0819
2350	3.12305
2351	3.30389
2352	3.47758
2353	2.81464
2354	2.27264
2355	3.6295
2356	3.45055
2357	3.69159
2358	3.20041
2359	3.17701
2360	2.85035
2361	2.93132
2362	3.12875
2363	3.28925
2364	3.09286
2365	3.39729
2366	3.56873
2367	3.21419
2368	3.57013
2369	3.61376
2370	3.60135
2371	3.58101
2372	3.29934
2373	3.17773
2374	3.79231
2375	3.70996
2376	3.58677
2377	2.98647
2378	2.86233
2379	3.18705
2380	2.60167
2381	2.37542
2382	2.31563
2383	2.80965
2384	2.54297
2385	3.21665
2386	3.33256
2387	3.38281
2388	2.43266
2389	3.45263
2390	2.62015
2391	3.15164
2392	2.50378
2393	2.37437
2394	2.33359
2395	3.5204
2396	3.39435
2397	2.31158
2398	3.42278
2399	3.99203
2400	2.99911
2401	3.27891
2402	3.52456
2403	2.81553
2404	3.1261
2405	2.58388
2406	3.48812
2407	3.31074
2408	3.43314
2409	2.66467
2410	3.14128
2411	2.68472
2412	3.67138
2413	3.59094
2414	3.56149
2415	3.20282
2416	3.57447
2417	3.22252
2418	2.95352
2419	3.25854
2420	3.90083
2421	3.57436
2422	3.4827
2423	2.86183
2424	2.82499
2425	3.87132
2426	3.92952
2427	3.58418
2428	3.3942
2429	2.93101
2430	2.55845
2431	3.5416
2432	2.69377
2433	4.17793
2434	3.72749
2435	3.95251
2436	2.98931
2437	2.96571
2438	3.40916
2439	3.29192
2440	3.57437
2441	3.17078
2442	3.56046
2443	3.84218
2444	3.66098
2445	3.05609
2446	2.30021
2447	2.19309
2448	2.34151
2449	3.15248
2450	3.48679
2451	3.31031
2452	3.2291
2453	2.73582
2454	2.53852
2455	2.72349
2456	3.11815
2457	2.31375
2458	2.44311
2459	3.43816
2460	3.49111
2461	3.55714
2462	2.95901
2463	2.86215
2464	2.86967
2465	3.06207
2466	3.08275
2467	2.98365
2468	2.465
2469	2.52102
2470	3.63333
2471	3.45498
2472	3.12682
2473	3.32943
2474	3.87567
2475	3.57798
2476	3.1236
2477	3.30321
2478	3.04257
2479	3.5744
2480	2.40206
2481	2.45008
2482	3.49106
2483	3.23482
2484	2.71211
2485	3.33798
2486	3.28274
2487	1.9191
2488	3.53752
2489	3.50922
2490	2.79145
2491	2.91432
2492	3.15255
2493	3.13937
2494	3.59051
2495	3.5745
2496	3.5744
2497	3.97028
2498	2.73002
2499	3.28945
2500	2.30141
2501	3.66956
2502	3.69621
2503	4.21174
2504	3.52934
2505	3.47854
2506	2.72159
2507	3.92936
2508	3.50205
2509	3.47887
2510	3.55737
2511	3.69627
2512	3.78742
2513	3.26025
2514	3.19409
2515	3.57768
2516	3.57446
2517	3.8174
2518	3.07026
2519	2.99481
2520	3.57448
2521	2.81952
2522	3.15131
2523	3.46744
2524	3.57435
2525	3.84211
2526	3.88718
2527	3.57425
2528	3.66736
2529	2.92495
2530	3.08672
2531	3.60837
2532	3.06413
2533	3.57478
2534	3.30912
2535	3.5738
2536	3.57426
2537	3.31754
2538	2.85651
2539	3.87568
2540	3.41901
2541	4.11686
2542	3.79638
2543	3.9529
2544	4.03013
2545	3.10606
2546	2.3894
2547	3.13715
2548	2.82317
2549	3.36636
2550	3.84053
2551	3.57431
2552	3.52781
2553	3.50234
2554	3.31473
2555	3.45249
2556	4.07107
2557	3.38756
2558	3.51175
2559	3.61155
2560	3.53114
2561	2.86378
2562	3.52088
2563	3.23637
2564	3.60387
2565	3.48628
2566	3.23493
2567	3.22193
2568	3.17084
2569	3.0094
2570	3.1452
2571	3.23846
2572	3.55183
2573	3.19494
2574	2.52228
2575	2.10408
2576	3.75487
2577	3.4198
2578	3.11136
2579	3.27513
2580	3.81796
2581	3.41272
2582	3.02315
2583	3.17804
2584	3.10232
2585	3.06326
2586	3.68649
2587	2.44111
2588	2.95407
2589	3.26231
2590	3.50258
2591	3.28878
2592	3.81268
2593	3.50114
2594	3.82793
2595	3.13218
2596	3.74104
2597	3.44277
2598	3.46783
2599	2.96735
2600	2.6564
2601	3.75774
2602	3.93481
2603	3.70022
2604	3.30569
2605	3.66122
2606	3.07556
2607	3.50262
2608	3.26677
2609	4.00439
2610	3.35132
2611	3.3078
2612	3.57439
2613	3.6594
2614	3.91851
2615	3.37689
2616	3.57401
2617	3.48631
2618	4.0148
2619	3.6722
2620	3.31531
2621	3.38052
2622	3.75467
2623	3.1714
2624	4.04271
2625	3.81588
2626	3.27897
2627	3.10492
2628	3.55715
2629	3.7435
2630	3.57469
2631	3.00078
2632	3.4216
2633	2.37045
2634	3.0679
2635	3.53724
2636	3.08902
2637	3.43201
2638	3.80812
2639	3.62698
2640	3.79119
2641	3.26244
2642	2.89734
2643	3.51383
2644	2.94698
2645	2.68528
2646	3.32054
2647	2.76998
2648	3.83738
2649	3.02573
2650	3.20549
2651	2.57982
2652	2.36791
2653	3.75107
2654	3.02783
2655	3.00338
2656	3.16828
2657	3.65324
2658	4.12842
2659	3.61753
2660	4.03783
2661	3.92108
2662	3.58206
2663	4.20929
2664	3.95663
2665	2.65441
2666	3.27917
2667	2.99579
2668	3.4156
2669	3.16469
2670	3.48684
2671	3.84022
2672	3.03764
2673	3.06885
2674	3.57467
2675	3.47616
2676	3.57278
2677	3.9032
2678	3.26712
2679	3.29093
2680	2.21583
2681	3.26394
2682	3.71408
2683	3.05891
2684	3.12546
2685	3.61504
2686	2.96519
2687	3.07656
2688	3.35585
2689	3.73279
2690	3.2418
2691	3.33078
2692	3.52137
2693	3.92417
2694	4.38045
2695	3.7401
2696	3.67841
2697	3.28569
2698	3.60253
2699	3.3146
2700	3.51996
2701	3.2971
2702	3.20675
2703	3.04691
2704	3.0848
2705	3.25241
2706	3.51066
2707	3.53905
2708	3.73748
2709	3.18427
2710	3.04882
2711	3.64262
2712	3.30529
2713	3.32687
2714	3.53747
2715	3.20841
2716	3.3184
2717	3.25691
2718	2.53644
2719	3.05192
2720	4.0819
2721	3.09464
2722	2.87927
2723	3.84783
2724	3.0966
2725	2.81374
2726	3.03638
2727	3.8194
2728	3.04564
2729	3.90191
2730	2.09367
2731	1.88064
2732	3.2289
2733	3.45863
2734	3.19414
2735	3.38572
2736	4.21604
2737	2.93799
2738	2.79485
2739	2.08519
2740	2.70007
2741	3.21879
2742	3.7153
2743	3.61711
2744	3.36004
2745	3.71072
2746	3.27273
2747	2.7409
2748	2.01908
2749	1.89966
2750	1.96597
2751	4.03913
2752	3.66876
2753	3.49557
2754	3.11039
2755	3.36264
2756	3.70814
2757	3.40197
2758	3.26911
2759	2.63164
2760	2.27118
2761	2.98098
2762	3.67712
2763	3.42711
2764	3.57432
2765	3.56993
2766	3.63305
2767	2.75106
2768	3.34348
2769	3.48818
2770	3.57465
2771	3.70142
2772	3.09902
2773	3.68162
2774	3.51515
2775	3.77057
2776	3.27663
2777	3.41393
2778	3.42415
2779	3.90023
2780	3.95096
2781	3.18977
2782	3.41781
2783	2.60904
2784	3.82473
2785	3.04257
2786	3.04321
2787	3.13745
2788	2.84306
2789	3.57195
2790	4.07906
2791	4.13603
2792	3.32018
2793	3.34822
2794	2.94182
2795	3.6876
2796	3.13557
2797	3.27044
2798	3.67399
2799	3.48348
2800	2.57205
2801	3.4769
2802	3.65527
2803	3.8283
2804	3.77424
2805	3.18702
2806	3.48818
2807	3.33101
2808	3.05267
2809	3.0689
2810	2.61109
2811	3.48476
2812	3.49209
2813	3.32279
2814	3.01221
2815	3.54469
2816	2.83908
2817	3.37503
2818	2.6099
2819	3.46327
2820	2.93513
2821	3.5337
2822	3.70844
2823	3.60331
2824	3.14985
2825	3.00995
2826	2.95283
2827	3.51713
2828	3.42302
2829	3.34466
2830	2.89889
2831	3.47783
2832	2.80087
2833	3.13101
2834	2.51607
2835	2.32162
2836	3.65266
2837	4.50034
2838	2.58063
2839	2.5767
2840	3.68101
2841	3.59518
2842	3.57503
2843	3.53761
2844	3.39372
2845	3.47558
2846	3.07274
2847	3.68609
2848	3.64552
2849	3.99011
2850	4.05442
2851	3.74524
2852	4.11886
2853	3.89884
2854	3.77737
2855	3.50322
2856	3.97273
2857	4.16631
2858	3.2584
2859	4.00283
2860	3.38427
2861	3.44852
2862	3.69659
2863	3.8059
2864	3.80276
2865	3.55689
2866	3.27263
2867	4.153
2868	4.08414
2869	4.21917
2870	3.59799
2871	3.55795
2872	3.98962
2873	3.61655
2874	3.17978
2875	3.73698
2876	3.99252
2877	3.05253
2878	3.73853
2879	3.92362
2880	3.92441
2881	3.87269
2882	2.50116
2883	3.91457
2884	3.73052
2885	2.51228
2886	3.57443
2887	3.35928
2888	3.17446
2889	3.57431
2890	3.57419
2891	3.84625
2892	3.41638
2893	3.06288
2894	3.35608
2895	3.62108
2896	3.44718
2897	2.29452
2898	3.95102
2899	3.79098
2900	3.54026
2901	3.9025
2902	3.89404
2903	3.749
2904	3.88969
2905	3.85097
2906	2.22412
2907	3.16938
2908	2.93996
2909	3.10885
2910	3.02473
2911	2.71042
2912	3.5746
2913	3.63618
2914	2.67551
2915	3.87362
2916	3.53401
2917	3.37457
2918	2.56429
2919	3.60616
2920	3.65733
2921	3.51414
2922	3.31642
2923	3.62945
2924	2.72636
2925	3.75782
2926	3.59144
2927	2.39488
2928	3.47099
2929	3.81915
2930	3.56204
2931	3.65668
2932	4.06797
2933	3.14654
2934	3.807
2935	3.56978
2936	2.63005
2937	3.52481
2938	4.01294
2939	3.87563
2940	3.72917
2941	3.57462
2942	3.51534
2943	3.60954
2944	3.44022
2945	3.05832
2946	3.07272
2947	3.35981
2948	3.20032
2949	2.72449
2950	3.41978
2951	3.81152
2952	3.43381
2953	3.10366
2954	4.33318
2955	3.57438
2956	2.48728
2957	3.44332
2958	3.15931
2959	2.82434
2960	3.77776
2961	3.33407
2962	4.31095
2963	2.45809
2964	3.62643
2965	3.29716
2966	3.76616
2967	4.13449
2968	3.29772
2969	4.02103
2970	4.07985
2971	3.84772
2972	3.40509
2973	2.10796
2974	1.91849
2975	2.35323
2976	3.96834
2977	3.2161
2978	3.56106
2979	3.47436
2980	2.5466
2981	3.44982
2982	3.25524
2983	3.09531
2984	3.66291
2985	3.08094
2986	2.09606
2987	3.36946
2988	3.60621
2989	3.59006
2990	3.11765
2991	3.57416
2992	3.78299
2993	3.88293
2994	4.0161
2995	2.85467
2996	2.65896
2997	3.60361
2998	3.72801
2999	3.81585
3000	3.86556
3001	3.74361
3002	3.34794
3003	3.83719
3004	3.73164
3005	3.37974
3006	3.8348
3007	4.0331
3008	3.67745
3009	4.14013
3010	3.60353
3011	3.90102
3012	3.57424
3013	3.4715
3014	3.46566
3015	3.96143
3016	3.56783
3017	3.57463
3018	3.68568
3019	3.55538
3020	4.05085
3021	4.22309
3022	4.18784
3023	4.28305
3024	3.65708
3025	3.59078
3026	3.79197
3027	4.05895
3028	4.00074
3029	4.02965
3030	3.89645
3031	3.18526
3032	3.77679
3033	3.70496
3034	3.7345
3035	3.06871
3036	3.75967
3037	3.87114
3038	3.43028
3039	3.49973
3040	3.49861
3041	3.4262
3042	3.51165
3043	3.6784
3044	3.36049
3045	2.83903
3046	4.19108
3047	3.1914
3048	3.28346
3049	3.52137
3050	3.49034
3051	3.43647
3052	3.09734
3053	3.66536
3054	3.47914
3055	3.25037
3056	3.50951
3057	3.61292
3058	3.61975
3059	3.33889
3060	3.47767
3061	3.72208
3062	2.5544
3063	3.5744
3064	3.57942
3065	3.66222
3066	4.24095
3067	3.90718
3068	3.6058
3069	3.63225
3070	3.4244
3071	3.29803
3072	3.53132
3073	3.22346
3074	3.44984
3075	3.76316
3076	3.31903
3077	3.28402
3078	2.86113
3079	4.20845
3080	4.02796
3081	3.14233
3082	3.59427
3083	3.48525
3084	3.87065
3085	3.52193
3086	3.60954
3087	3.50433
3088	3.04147
3089	3.1532
3090	3.60472
3091	3.81914
3092	3.49545
3093	3.50407
3094	3.02926
3095	3.63457
3096	3.57471
3097	2.88476
3098	3.20913
3099	3.55087
3100	3.66137
3101	3.52173
3102	3.57423
3103	3.84732
3104	3.65252
3105	3.25984
3106	3.35156
3107	3.72732
3108	3.34754
3109	2.74608
3110	3.88158
3111	3.48164
3112	2.41324
3113	3.61596
3114	3.81495
3115	3.61302
3116	3.40821
3117	3.37044
3118	3.50481
3119	3.48359
3120	3.53366
3121	3.57881
3122	2.43548
3123	3.57438
3124	3.76088
3125	3.57408
3126	3.40224
3127	3.57464
3128	4.18492
3129	3.42626
3130	4.08864
3131	3.44633
3132	3.90723
3133	3.79879
3134	3.44212
3135	3.70522
3136	3.66756
3137	3.38167
3138	3.29033
3139	3.48237
3140	2.842
3141	3.43104
3142	3.75967
3143	3.5736
3144	3.48479
3145	3.53216
3146	3.31806
3147	3.42528
3148	3.59099
3149	3.39491
3150	3.42224
3151	3.35602
3152	3.57424
3153	3.45337
3154	3.92052
3155	3.44411
3156	3.914
3157	2.84619
3158	3.57415
3159	3.57423
3160	3.46691
3161	3.59751
3162	3.67902
3163	3.57425
3164	3.54326
3165	3.72694
3166	3.57467
3167	3.28356
3168	3.55373
3169	3.43919
3170	2.33047
3171	2.7677
3172	3.47214
3173	3.614
3174	3.58551
3175	2.63619
3176	3.71657
3177	3.79891
3178	3.82735
3179	3.32023
3180	2.69844
3181	3.29613
3182	3.42031
3183	3.35333
3184	3.79266
3185	3.52672
3186	2.95195
3187	3.73275
3188	3.78917
3189	3.03693
3190	2.82766
3191	3.43851
3192	3.57703
3193	3.48053
3194	3.00917
3195	3.19649
3196	3.17265
3197	4.0672
3198	3.61315
3199	3.61779
3200	1.92268
3201	3.22411
3202	3.40322
3203	3.91097
3204	3.25017
3205	2.86921
3206	3.26533
3207	3.59441
3208	2.74986
3209	3.57469
3210	3.57455
3211	3.5743
3212	3.63532
3213	3.93337
3214	3.60058
3215	3.56769
3216	3.60068
3217	2.84179
3218	2.38896
3219	2.90106
3220	3.56586
3221	3.67643
3222	3.54745
3223	3.47937
3224	3.5849
3225	3.53768
3226	3.5743
3227	3.54368
3228	3.82877
3229	3.57426
3230	3.49617
3231	2.43504
3232	3.41604
3233	3.47325
3234	3.39761
3235	3.53512
3236	3.49699
3237	3.59228
3238	3.83489
3239	4.27159
3240	3.16738
3241	3.53709
3242	3.72101
3243	3.75058
3244	3.57438
3245	2.79849
3246	3.61627
3247	3.48464
3248	2.89328
3249	3.81974
3250	3.41321
3251	3.41906
3252	3.52123
3253	3.5742
3254	3.54663
3255	3.57123
3256	2.7277
3257	2.68479
3258	3.03267
3259	3.61224
3260	3.78106
3261	3.78778
3262	3.73891
3263	2.75131
3264	3.57456
3265	3.51547
3266	4.04102
3267	3.23441
3268	3.50802
3269	3.55785
3270	4.08725
3271	3.8091
3272	2.93448
3273	3.98682
3274	3.89556
3275	2.81188
3276	3.11326
3277	3.29022
3278	3.38997
3279	3.94967
3280	3.57446
3281	3.52513
3282	4.02817
3283	3.35632
3284	3.44509
3285	3.59954
3286	2.74021
3287	2.9306
3288	3.57431
3289	3.83259
3290	3.56891
3291	3.97653
3292	3.95651
3293	3.80445
3294	3.84156
3295	4.04847
3296	3.85178
3297	4.17858
3298	3.85882
3299	3.43921
3300	3.73825
3301	3.57484
3302	3.52874
3303	3.81082
3304	3.54272
3305	3.41916
3306	3.21877
3307	3.3585
3308	3.44196
3309	3.59666
3310	3.53287
3311	3.91163
3312	3.59757
3313	3.55032
3314	3.68648
3315	3.5745
3316	3.73813
3317	2.70069
3318	3.70062
3319	2.77868
3320	2.7912
3321	2.97388
3322	2.45799
3323	2.43541
3324	2.17088
3325	2.42188
3326	2.8245
3327	3.15413
3328	3.75666
3329	3.71566
3330	3.4979
3331	3.24429
3332	3.08825
3333	2.36404
3334	3.4557
3335	3.13955
3336	3.39081
3337	3.76946
3338	3.78292
3339	3.34522
3340	3.95925
3341	3.29828
3342	3.84986
3343	3.57463
3344	3.50825
3345	3.56844
3346	3.43743
3347	3.91249
3348	3.88824
3349	3.57757
3350	3.64931
3351	3.47266
3352	3.75921
3353	3.96954
3354	3.37429
3355	3.09501
3356	3.56203
3357	3.35332
3358	3.30946
3359	3.39056
3360	3.12604
3361	4.25452
3362	3.39873
3363	2.95638
3364	2.55475
3365	2.49674
3366	2.53307
3367	4.29046
3368	2.90404
3369	2.89386
3370	2.75307
3371	2.25803
3372	2.10457
3373	3.34731
3374	2.70306
3375	3.60118
3376	3.3241
3377	3.33571
3378	3.58753
3379	3.70426
3380	3.81216
3381	3.09287
3382	3.5116
3383	3.98858
3384	3.22376
3385	2.60404
3386	2.98162
3387	3.57428
3388	3.86614
3389	3.00459
3390	3.57436
3391	2.74536
3392	3.43378
3393	3.71069
3394	4.08223
3395	3.01982
3396	3.07907
3397	3.24435
3398	3.56905
3399	4.00958
3400	4.16755
3401	4.28228
3402	4.25699
3403	3.93425
3404	3.28028
3405	3.46344
3406	3.38142
3407	3.97681
3408	3.46211
3409	3.29118
3410	3.38957
3411	3.73085
3412	3.59338
3413	3.76605
3414	3.57489
3415	3.13233
3416	2.86874
3417	3.48755
3418	3.57559
3419	3.75801
3420	2.89001
3421	3.1643
3422	2.99746
3423	3.04792
3424	3.65128
3425	3.44869
3426	3.76122
3427	3.64224
3428	3.22611
3429	3.12141
3430	4.04622
3431	3.7355
3432	2.84759
3433	3.61259
3434	3.54906
3435	3.47492
3436	3.7662
3437	3.93267
3438	3.4231
3439	4.02397
3440	4.06985
3441	3.05588
3442	3.85362
3443	2.72692
3444	3.71564
3445	3.40301
3446	3.31798
3447	3.1151
3448	3.74847
3449	3.6541
3450	3.13042
3451	3.43167
3452	2.89165
3453	3.85734
3454	3.67641
3455	3.41093
3456	3.45676
3457	3.28285
3458	3.81302
3459	3.61934
3460	3.19418
3461	3.53291
3462	3.57431
3463	3.2122
3464	3.61932
3465	3.46834
3466	3.12434
3467	3.06262
3468	3.84998
3469	3.44782
3470	3.65021
3471	3.8667
3472	3.1622
3473	3.57473
3474	3.52619
3475	3.79447
3476	3.09206
3477	3.75891
3478	3.78083
3479	3.74077
3480	3.77377
3481	3.75205
3482	3.41582
3483	3.92059
3484	3.85165
3485	3.05634
3486	3.57566
3487	3.6165
3488	3.56552
3489	3.0968
3490	3.57452
3491	3.74453
3492	3.57439
3493	3.57411
3494	3.18508
3495	2.84368
3496	2.09812
3497	3.34056
3498	3.33708
3499	3.60368
3500	3.53919
3501	3.43131
3502	3.76642
3503	3.43455
3504	2.05571
3505	2.44686
3506	2.85869
3507	3.59402
3508	3.60547
3509	2.87197
3510	4.15705
3511	2.7138
3512	3.18639
3513	3.20682
3514	3.5743
3515	3.57464
3516	2.85625
3517	3.6853
3518	3.46021
3519	3.0638
3520	3.35818
3521	3.57411
3522	2.9506
3523	3.48499
3524	3.34759
3525	1.8164
3526	3.28114
3527	3.49687
3528	2.58709
3529	3.08849
3530	3.5319
3531	3.66243
3532	3.01712
3533	3.59017
3534	3.1147
3535	3.53267
3536	3.68266
3537	3.27415
3538	3.97134
3539	3.65429
3540	3.15577
3541	3.58355
3542	2.84346
3543	3.36454
3544	3.59344
3545	3.7495
3546	3.31489
3547	3.34013
3548	2.64822
3549	3.42734
3550	3.29675
3551	3.28179
3552	3.15936
3553	3.40324
3554	3.88108
3555	3.34538
3556	3.72652
3557	3.65429
3558	2.68327
3559	3.4681
3560	3.44329
3561	4.00844
3562	3.57444
3563	3.4423
3564	3.60822
3565	3.50053
3566	4.18832
3567	3.62707
3568	3.31885
3569	3.80306
3570	3.3306
3571	3.67672
3572	3.48986
3573	3.33672
3574	3.37915
3575	3.46836
3576	3.45412
3577	3.57318
3578	2.61947
3579	3.59966
3580	3.35744
3581	3.21912
3582	3.57429
3583	3.57449
3584	3.50003
3585	3.73609
3586	3.96002
3587	3.82791
3588	3.64749
3589	3.52912
3590	3.57787
3591	3.20665
3592	2.9253
3593	2.53944
3594	2.31941
3595	2.1915
3596	2.04243
3597	2.43488
3598	3.06527
3599	2.37023
3600	3.92337
3601	2.67842
3602	3.54444
3603	3.96203
3604	3.01093
3605	2.77148
3606	2.98266
3607	3.79544
3608	3.23256
3609	3.8392
3610	3.66102
3611	4.15173
3612	3.78272
3613	3.86046
3614	3.66492
3615	3.95356
3616	3.37016
3617	3.55342
3618	3.30843
3619	3.48638
3620	2.91249
3621	2.22782
3622	2.24648
3623	2.85253
3624	2.49008
3625	2.73213
3626	2.21711
3627	2.26366
3628	2.72631
3629	2.96036
3630	3.25189
3631	3.49731
3632	3.52053
3633	3.28976
3634	3.54847
3635	3.54171
3636	3.1626
3637	2.75367
3638	3.30813
3639	3.1319
3640	3.01136
3641	2.59515
3642	2.39826
3643	3.25563
3644	3.30061
3645	3.74674
3646	3.31028
3647	2.67391
3648	2.68819
3649	3.10904
3650	3.27494
3651	3.15857
3652	3.71392
3653	3.06251
3654	3.57409
3655	3.85288
3656	3.68185
3657	3.14136
3658	3.64984
3659	3.734
3660	3.91201
3661	3.41678
3662	4.10604
3663	3.48076
3664	3.03334
3665	3.86688
3666	3.5071
3667	3.90651
3668	3.78199
3669	3.85969
3670	3.43244
3671	3.80593
3672	3.4144
3673	3.90646
3674	3.83655
3675	2.87472
3676	3.31902
3677	3.41313
3678	3.88402
3679	3.71567
3680	3.59549
3681	3.30592
3682	3.5747
3683	3.76669
3684	3.06441
3685	3.81939
3686	2.73113
3687	3.45197
3688	3.48293
3689	3.13127
3690	2.95115
3691	3.42269
3692	3.36696
3693	3.15164
3694	3.2286
3695	3.65731
3696	2.80441
3697	2.99292
3698	2.73045
3699	2.35078
3700	2.42845
3701	3.45845
3702	3.60905
3703	3.4101
3704	3.41569
3705	2.81797
3706	2.32142
3707	3.39911
3708	3.40389
3709	3.17255
3710	3.43811
3711	3.54076
3712	3.24502
3713	3.04422
3714	2.93831
3715	4.01939
3716	3.23488
3717	3.11923
3718	3.34108
3719	3.6619
3720	3.8319
3721	4.16192
3722	3.50925
3723	3.22262
3724	3.57038
3725	3.90589
3726	3.19302
3727	3.26441
3728	3.50282
3729	2.91068
3730	3.46434
3731	1.80456
3732	3.38665
3733	4.23097
3734	2.60229
3735	3.49602
3736	2.79237
3737	3.04579
3738	3.33143
3739	3.29046
3740	3.9104
3741	3.40634
3742	3.26162
3743	4.028
3744	3.56537
3745	3.33642
3746	4.02474
3747	3.66823
3748	3.38191
3749	3.23157
3750	3.99046
3751	2.29273
3752	2.70774
3753	3.71959
3754	3.55772
3755	2.35662
3756	2.8737
3757	2.70075
3758	3.41611
3759	3.59743
3760	3.57437
3761	3.171
3762	3.76569
3763	3.44993
3764	2.94127
3765	2.89047
3766	2.85907
3767	3.89219
3768	2.92088
3769	2.94974
3770	2.85774
3771	2.6788
3772	2.83778
3773	3.54209
3774	3.06705
3775	3.68013
3776	3.37555
3777	3.21036
3778	3.13962
3779	3.41295
3780	3.98836
3781	3.27311
3782	3.8272
3783	3.73968
3784	3.60838
3785	3.61611
3786	3.59567
3787	3.57448
3788	2.86958
3789	3.17256
3790	3.79107
3791	3.22004
3792	3.15802
3793	3.36478
3794	3.24375
3795	2.70702
3796	3.11519
3797	3.52078
3798	3.43754
3799	3.62884
3800	3.14042
3801	3.80394
3802	3.83388
3803	3.76722
3804	3.73567
3805	3.31798
3806	3.37137
3807	3.39277
3808	2.12791
3809	3.30847
3810	3.04717
3811	3.71695
3812	3.64739
3813	3.32008
3814	3.33871
3815	2.83204
3816	3.37685
3817	3.18834
3818	3.57433
3819	3.6519
3820	2.59907
3821	3.57434
3822	3.48155
3823	3.45649
3824	3.44393
3825	3.50784
3826	2.45229
3827	3.44844
3828	4.1091
3829	3.06591
3830	3.42355
3831	3.21366
3832	2.93852
3833	3.30891
3834	3.39634
3835	3.57462
3836	3.63512
3837	3.21776
3838	3.5743
3839	2.48168
3840	2.89218
3841	3.90216
3842	3.91421
3843	2.8929
3844	3.10436
3845	3.45348
3846	3.62242
3847	4.05804
3848	3.15589
3849	2.81258
3850	2.59236
3851	3.68737
3852	2.94013
3853	3.06542
3854	2.56071
3855	3.37067
3856	3.78862
3857	3.34514
3858	3.58651
3859	3.44485
3860	3.8748
3861	3.38768
3862	2.67243
3863	3.66597
3864	3.2101
3865	3.32005
3866	3.32837
3867	3.73792
3868	3.15776
3869	2.72772
3870	2.7844
3871	2.91235
3872	3.00936
3873	2.7511
3874	3.28183
3875	3.33401
3876	2.36965
3877	2.49781
3878	3.71594
3879	3.6571
3880	3.95095
3881	3.65253
3882	3.66065
3883	3.75672
